0	4339
0	1610
0	3571
0	3507
1	3241
8	1839
14	3952
14	3519
14	3382
23	1499
25	3300
29	4000
30	1122
33	2577
37	1603
37	833
37	3197
47	2027
47	3196
47	1054
49	3565
54	4422
58	782
60	3196
62	3628
64	4465
67	359
70	3656
73	611
75	3241
76	2484
78	1127
80	3170
80	152
80	1575
80	3452
80	1692
86	2305
88	1540
93	3075
94	3522
98	27
99	4459
102	3401
102	893
109	393
109	534
109	3669
109	2131
109	3324
109	3401
109	3739
109	330
110	4562
111	3450
112	1540
112	2853
112	4744
112	189
112	3109
116	3546
116	3967
116	2358
116	2159
116	1110
116	893
120	808
127	2740
129	493
132	1835
132	1355
134	1073
135	3562
135	2410
135	1127
135	2411
136	1646
139	3012
144	4423
145	3401
145	2187
146	2577
147	3075
148	3241
152	4422
152	3116
152	2956
152	2136
152	2521
157	2816
159	3197
163	894
164	821
167	4401
168	2860
169	2920
169	4548
173	1428
173	2148
174	2105
175	1799
177	4000
178	2385
181	1116
187	1858
187	535
188	4212
191	2358
192	4122
192	3135
194	2848
195	456
200	3422
201	4466
205	863
205	1889
208	4744
212	3241
212	893
213	4562
215	3399
218	402
219	2730
219	1348
219	3135
219	985
220	4158
221	3999
223	1203
230	4059
231	3753
232	1390
236	2890
236	4081
236	3153
236	4523
236	92
236	4426
237	2632
237	67
237	1596
238	4000
238	1825
238	1104
238	3999
238	4670
239	591
239	2037
239	3433
239	1883
239	1644
239	2577
239	3285
239	2517
239	2922
239	4572
240	2577
246	3241
247	4659
247	1218
247	4422
247	4345
247	618
247	2808
248	2273
252	4422
253	4190
261	3947
261	3008
261	246
261	3818
267	4308
268	3241
270	2092
272	1624
273	989
276	2639
282	3197
283	1139
286	3431
289	337
294	3197
298	893
300	3241
301	1860
301	613
302	3507
303	893
305	183
306	930
306	3615
306	653
306	436
309	2740
310	1893
310	2690
310	4028
310	4423
310	3197
310	436
310	1309
310	2763
310	754
312	1236
312	3385
313	3119
314	77
321	2542
321	2883
321	760
322	3436
322	590
322	908
322	3024
322	4339
322	3293
322	3578
322	475
322	2881
323	399
326	2973
328	2846
329	1761
329	3523
331	3669
332	1578
334	997
335	1236
344	358
355	1371
357	2039
358	2730
359	3743
359	295
361	1203
365	1373
367	2851
367	3866
367	1087
367	4217
367	77
367	3392
367	3411
367	3093
367	3401
367	1986
370	865
371	2421
371	1264
372	3521
372	931
372	3567
372	4213
372	16
372	1203
372	378
372	1476
372	2748
376	2578
382	1436
392	1835
394	3972
395	2382
396	3452
398	2540
398	4689
398	3233
401	1073
402	1540
403	457
404	2333
405	4562
405	765
407	4179
407	2135
407	1763
409	1759
409	2740
409	803
409	118
417	2005
420	4423
420	3459
420	3378
423	1945
424	2590
429	4459
431	3329
432	3921
434	3221
434	3175
434	714
434	3196
437	3866
437	4576
442	3329
443	1285
444	375
453	3385
454	2577
454	1610
455	2159
456	375
478	4401
479	2131
484	4467
486	4659
488	1196
489	3972
490	670
490	3657
491	4603
494	4079
496	3967
496	2920
496	1954
498	2681
499	3401
499	1691
500	3534
501	268
502	4670
502	1314
505	1369
505	1578
505	3385
505	1596
505	855
505	3267
507	2577
511	1012
512	3571
512	4449
519	208
520	1879
522	2520
522	3385
525	2430
528	4212
528	1610
528	1169
528	4250
528	3856
533	4449
534	1373
535	950
542	2881
548	941
550	1540
553	4273
554	318
554	2408
554	1831
554	4761
559	475
562	2920
562	4122
565	1759
566	378
568	3241
569	223
571	1348
571	2542
571	1902
573	2906
578	1950
579	816
580	816
582	3285
582	357
582	4483
583	3714
583	3669
583	3866
583	2131
583	2507
583	4009
585	2740
587	893
590	1540
592	2956
594	3871
599	3153
602	816
603	2840
603	4523
605	2986
610	273
610	414
610	3009
610	3197
610	3164
610	4548
610	3841
610	1603
610	816
610	1139
611	714
614	1373
615	27
620	3135
622	2362
625	616
629	4548
629	1619
631	730
635	2163
638	3291
641	402
642	3399
647	1759
647	223
649	3300
649	1166
649	1645
649	4768
649	3267
649	1798
650	3274
650	67
650	1763
650	956
650	187
651	1048
651	718
651	3385
654	421
654	2105
656	3192
656	436
656	3196
656	223
656	2697
658	4235
667	2188
672	3401
677	4548
681	206
681	1783
681	1822
681	4509
681	1041
681	475
681	4228
681	4271
682	74
682	343
682	1999
682	247
684	3567
686	4465
689	3940
692	3197
696	2659
698	1105
699	1803
702	760
702	2319
702	2763
702	842
702	1099
702	2484
702	1960
702	2918
702	1254
702	2748
711	4366
713	2553
715	77
721	3490
725	3275
725	1548
726	3999
729	2305
731	2273
734	1135
735	3385
736	1139
737	1252
738	4401
743	3197
743	4402
743	3422
744	2362
744	2954
744	1540
744	4112
744	284
744	2299
744	4615
749	4422
752	3011
752	4423
752	3378
752	74
752	930
752	24
754	3901
756	3999
756	1945
756	1224
756	1566
756	4380
756	2219
757	2612
757	2219
757	3615
757	2305
757	1857
757	1891
757	649
757	2358
757	2697
757	362
758	2981
758	2092
758	1392
761	997
765	1300
765	2750
765	2331
765	1799
765	250
767	2092
775	436
775	358
775	671
775	284
775	1835
775	3507
775	1110
775	3534
775	3522
775	1236
776	4627
779	1884
780	4748
781	295
783	4467
786	3348
790	947
790	24
790	1499
790	1945
790	3811
790	1502
792	375
795	1624
795	1610
795	421
796	132
808	3399
809	1686
812	2092
817	3274
817	158
817	3366
817	2131
817	3489
817	3267
819	2025
820	2540
821	3011
824	1952
824	1253
824	583
824	4418
826	3267
833	3972
835	375
837	78
837	2987
837	3787
841	4548
844	3023
845	4449
852	1954
852	3615
852	247
858	2577
860	1096
860	2149
861	1948
865	1030
865	4159
865	2881
865	3368
865	528
865	2128
865	752
865	1699
865	997
865	522
866	3197
867	1540
868	493
872	208
874	1676
875	247
879	3253
879	2060
882	3075
882	328
883	1505
883	997
883	3401
889	1390
890	4423
894	3669
895	1540
897	3667
899	375
899	1902
903	3972
903	132
909	1763
909	2079
913	2092
916	1835
924	1108
924	3658
924	1165
924	2314
924	546
924	3538
924	399
924	782
926	2542
927	4548
927	4744
928	1540
931	3967
933	3866
933	350
933	1699
933	3291
933	269
934	396
937	375
938	2094
940	4103
947	539
947	2598
947	2459
947	3671
947	4029
954	247
955	1238
955	1105
955	3241
955	1835
958	291
958	1540
960	3060
962	1285
963	1902
967	3866
967	3516
967	857
967	3972
969	4485
972	1578
973	2305
974	4548
976	1540
977	2921
980	801
983	2542
984	1073
984	4216
984	359
984	1253
994	782
996	1711
998	4562
1001	2476
1004	421
1005	2646
1005	4670
1006	1578
1007	4001
1009	3196
1012	1077
1012	4523
1012	4401
1012	1954
1016	2305
1017	419
1023	3053
1023	765
1024	838
1026	311
1026	1210
1026	3948
1026	2655
1029	3615
1031	838
1032	3613
1035	3274
1035	3865
1035	540
1036	79
1037	1218
1041	2651
1044	1348
1047	1373
1047	475
1055	2393
1057	2142
1058	522
1066	3972
1066	1897
1075	157
1075	2763
1075	3569
1075	3109
1075	1499
1075	3373
1075	3559
1075	1635
1075	893
1075	3467
1078	893
1079	2206
1088	2372
1100	3859
1107	2362
1108	1879
1112	3972
1112	3464
1112	3740
1112	605
1115	893
1115	2092
1116	931
1117	2660
1117	522
1120	4751
1121	2239
1125	1572
1132	4122
1135	378
1135	375
1135	4303
1137	4553
1138	2740
1138	3197
1138	930
1142	3197
1145	2166
1153	2959
1158	4159
1160	2993
1163	4727
1163	265
1163	3254
1163	1738
1163	519
1163	3522
1165	1711
1169	1945
1169	3197
1169	3211
1169	1594
1169	2578
1172	1196
1173	4467
1175	9
1180	375
1181	1474
1181	3567
1183	1954
1185	4670
1187	3218
1187	3714
1187	4422
1187	459
1187	546
1188	4670
1189	3912
1195	3574
1195	4553
1195	631
1195	2674
1195	2433
1198	3395
1199	1954
1200	1129
1200	4401
1200	375
1201	2740
1203	2987
1208	3546
1209	1502
1210	1196
1210	161
1216	5
1218	4756
1218	4420
1223	4273
1223	2846
1224	1835
1226	2105
1235	3871
1235	256
1235	1105
1235	4339
1238	4422
1243	2092
1244	436
1246	2967
1255	2151
1256	3197
1256	3569
1256	2178
1257	2058
1257	3565
1257	1216
1257	1702
1257	2965
1257	2946
1257	3220
1257	2799
1257	2153
1257	4640
1259	1126
1264	1122
1268	1610
1272	2150
1274	2525
1278	3241
1281	1096
1281	3522
1281	3401
1281	3241
1281	4072
1281	997
1281	2705
1281	169
1281	4380
1281	4100
1284	487
1285	1999
1288	1348
1288	1007
1289	3489
1289	3401
1289	3628
1290	4395
1291	1578
1291	4122
1292	997
1293	3566
1293	25
1293	501
1293	2763
1293	4089
1294	3921
1294	838
1294	3160
1294	3268
1294	4306
1294	2386
1294	4406
1295	2092
1300	1745
1306	92
1307	1118
1309	3534
1311	360
1311	1218
1311	4054
1313	996
1313	1983
1313	2378
1318	842
1318	3522
1318	2139
1318	512
1318	342
1321	2748
1321	3930
1327	4504
1327	1759
1331	3154
1332	1540
1333	3866
1337	2577
1338	3191
1346	1999
1349	1366
1353	1540
1359	893
1361	2202
1361	1373
1361	4562
1361	3613
1361	3791
1361	1441
1361	2639
1361	4467
1362	1203
1364	2804
1367	421
1370	4545
1371	2517
1378	3952
1379	2173
1379	3534
1380	4529
1385	173
1385	4266
1385	3122
1385	1196
1388	2362
1389	4333
1390	4395
1393	4491
1395	981
1397	358
1398	1578
1398	1116
1398	247
1398	2807
1398	4744
1399	3544
1400	1436
1400	1553
1400	4339
1400	1578
1400	3241
1402	248
1405	1203
1405	46
1407	535
1409	2875
1409	2390
1409	1628
1409	2712
1409	419
1409	1560
1409	4675
1409	4553
1409	3144
1409	3450
1410	4467
1414	1348
1416	4122
1418	283
1418	2560
1418	2975
1419	535
1420	1006
1423	4401
1427	4402
1430	3291
1437	3952
1437	1122
1439	949
1440	3822
1440	1366
1442	1118
1444	1540
1444	1610
1445	161
1445	3664
1446	911
1448	3241
1454	3656
1455	3638
1459	1499
1460	1139
1462	4401
1468	900
1468	2612
1468	1763
1468	1542
1468	4606
1468	378
1469	4251
1471	4562
1471	350
1471	160
1471	1945
1471	1600
1473	4380
1474	3160
1476	2122
1477	3183
1477	2966
1477	2707
1477	1998
1477	4541
1477	4401
1477	3023
1477	223
1482	3450
1482	1834
1482	3837
1484	4162
1484	3192
1486	3866
1487	893
1493	4422
1494	2763
1495	2922
1495	3197
1495	3105
1495	1954
1495	3940
1495	1619
1495	3669
1495	2612
1495	1865
1495	4158
1502	436
1505	1886
1507	1374
1510	3233
1512	3343
1512	1889
1512	2777
1512	1355
1512	1122
1512	1800
1512	4316
1512	2467
1512	4367
1512	1492
1515	981
1517	3843
1517	645
1517	4422
1518	475
1520	3740
1521	3713
1522	4422
1524	1122
1524	1578
1524	522
1524	2956
1532	3827
1535	1203
1536	3866
1539	4665
1540	4423
1541	2393
1544	4553
1544	2748
1544	2771
1546	1835
1547	1476
1549	1733
1549	714
1549	358
1554	4401
1555	2092
1556	1238
1558	2910
1562	3291
1567	2025
1570	2092
1570	1013
1570	893
1571	821
1571	1139
1571	2577
1571	2092
1571	4250
1571	4266
1573	3192
1574	341
1578	2844
1581	3866
1584	616
1587	2219
1590	1348
1591	1196
1594	1373
1600	649
1600	3044
1600	821
1601	1540
1601	208
1602	2536
1605	1476
1606	350
1606	3638
1606	436
1606	4401
1606	1505
1606	1600
1606	2920
1608	4086
1608	282
1608	811
1608	2296
1608	2362
1608	2706
1608	700
1608	546
1608	2605
1608	931
1610	2151
1610	3197
1613	2730
1617	1203
1624	2362
1624	1831
1624	3866
1624	1221
1624	4303
1624	651
1624	3328
1624	4072
1624	2639
1624	375
1627	2578
1627	3153
1627	1071
1627	1077
1628	2382
1629	2661
1633	1325
1634	4422
1636	4422
1638	1610
1642	4562
1643	4422
1648	765
1649	4148
1649	2173
1649	436
1649	1954
1651	4401
1655	2020
1655	1377
1655	1071
1655	3009
1655	1945
1655	2342
1655	4578
1657	4401
1658	1801
1658	3246
1660	4500
1669	4422
1671	59
1671	3197
1672	1960
1673	47
1673	3713
1673	4693
1673	3373
1680	3279
1681	3930
1685	4661
1687	1902
1689	2697
1690	4548
1691	3866
1692	2219
1694	417
1698	1524
1700	3927
1700	2098
1700	1113
1700	1125
1700	2151
1700	177
1702	4486
1704	1238
1704	683
1705	27
1705	222
1707	1954
1712	2922
1715	1122
1716	204
1716	816
1716	1238
1722	2697
1722	3507
1722	3241
1722	1954
1725	1578
1725	1348
1732	208
1732	2092
1732	1702
1732	3452
1733	3197
1735	893
1737	4744
1743	402
1744	2033
1745	2197
1746	417
1747	8
1748	2173
1748	1954
1748	3164
1748	3615
1748	3534
1753	4302
1757	658
1757	4659
1763	4401
1765	3467
1765	1466
1765	350
1765	2358
1765	3196
1765	2403
1765	2051
1765	429
1765	3667
1765	4315
1768	912
1772	375
1772	3673
1773	2577
1773	4059
1773	1917
1773	847
1773	2922
1773	2392
1773	932
1776	2577
1777	1135
1778	2704
1780	3434
1780	3452
1781	1610
1786	3629
1788	1271
1790	535
1791	1835
1795	3196
1798	4423
1801	456
1807	247
1808	475
1811	930
1812	397
1817	816
1825	2748
1825	4213
1826	3693
1826	45
1828	419
1828	825
1828	847
1833	1122
1835	1179
1836	3638
1836	3153
1837	375
1838	3291
1841	1610
1843	838
1846	1857
1849	3309
1851	661
1851	3011
1856	4000
1860	4670
1863	4331
1864	2358
1865	3818
1869	3755
1872	4324
1873	160
1875	3291
1875	132
1876	24
1876	1619
1878	1886
1890	3457
1896	3559
1896	3841
1896	3373
1897	790
1898	714
1899	4157
1901	2920
1904	291
1908	118
1908	4072
1908	3535
1908	3175
1908	1669
1908	1603
1910	2612
1911	4467
1916	4231
1916	2342
1916	1455
1916	4423
1916	3843
1916	239
1916	2067
1916	2881
1916	3871
1916	1511
1921	1507
1922	3772
1922	3944
1922	3544
1922	3196
1922	4102
1922	282
1922	2542
1922	375
1924	1348
1937	3291
1938	4422
1939	4422
1945	3075
1945	3639
1945	4088
1945	3853
1948	1639
1948	2185
1948	3274
1948	1892
1948	2748
1950	2365
1951	1578
1953	4552
1954	2748
1959	816
1962	2000
1962	196
1962	3567
1970	522
1970	1540
1971	2848
1972	4751
1975	3241
1978	4135
1978	4380
1979	4447
1979	3422
1980	3565
1985	2881
1985	1825
1985	3153
1985	2039
1987	853
1987	4547
1987	2577
1988	3518
1988	616
1988	3197
1988	2299
1992	4324
1992	4401
1992	311
1992	375
1992	4233
1992	4194
1992	2866
1992	3385
1992	1652
1992	3955
1996	359
1996	1446
1996	2342
1996	2079
1996	1343
1997	3291
1997	4345
1997	402
1997	1945
1997	456
1997	452
1997	1851
1997	4460
1997	3787
1997	2023
2001	4308
2001	436
2001	1131
2001	2956
2002	2875
2009	295
2013	4306
2014	3197
2015	3291
2025	539
2026	1761
2026	1006
2026	4029
2026	4756
2026	159
2026	1214
2026	1295
2026	2333
2026	4665
2026	3921
2027	4122
2027	468
2031	2612
2031	661
2032	3507
2033	4584
2037	4401
2039	2340
2042	1803
2044	2148
2048	4122
2048	2364
2052	1196
2055	4591
2058	1902
2059	2092
2063	3507
2065	358
2066	2655
2068	788
2068	4589
2070	247
2071	1661
2072	1763
2073	1126
2073	2180
2079	2553
2079	3853
2079	3547
2079	4408
2079	4670
2079	539
2079	1949
2079	1835
2083	708
2083	776
2083	4408
2083	3315
2083	2971
2087	1072
2087	1993
2089	4104
2094	3522
2095	4639
2096	3866
2097	2876
2099	2335
2103	1624
2106	1678
2107	3291
2112	1169
2116	456
2117	4122
2118	1540
2120	1289
2121	2219
2121	4541
2125	1542
2125	724
2126	2921
2127	1289
2149	3241
2151	2911
2153	1122
2153	3713
2153	3285
2159	1238
2159	4744
2161	2677
2162	27
2168	631
2169	3014
2170	2683
2172	292
2175	4465
2175	274
2175	2187
2175	1071
2176	1283
2176	4560
2180	535
2183	4050
2186	2947
2186	3684
2188	3534
2193	4000
2196	714
2196	3196
2196	1242
2197	3450
2204	1902
2204	3753
2205	1190
2205	4000
2205	295
2205	282
2206	1502
2208	2074
2210	4422
2211	3520
2212	3241
2218	3999
2219	546
2222	2983
2222	3752
2224	893
2227	4122
2231	359
2231	4727
2232	1476
2232	318
2233	3197
2234	48
2236	77
2239	3187
2241	1594
2242	1540
2248	3866
2253	4018
2263	2577
2268	526
2269	1594
2269	3197
2270	2984
2271	3190
2272	4198
2272	2436
2272	3711
2272	4021
2272	3938
2272	1307
2272	3507
2277	308
2277	157
2277	2369
2277	1499
2277	3092
2277	3714
2277	131
2277	4670
2277	1505
2278	2382
2283	1610
2283	4113
2284	4122
2284	3972
2285	24
2286	4519
2291	3401
2293	3135
2296	4021
2296	4024
2296	4072
2296	2352
2296	2921
2300	45
2301	2470
2305	247
2308	2330
2308	2873
2309	3450
2313	2185
2320	893
2321	676
2326	2973
2330	878
2337	1578
2339	1811
2340	2293
2340	3669
2341	419
2344	475
2344	838
2344	2856
2345	2023
2346	3104
2350	3534
2352	2041
2352	535
2355	4422
2359	4422
2362	3787
2362	3664
2362	765
2362	1798
2363	535
2363	3156
2363	2382
2365	3329
2365	4548
2365	1566
2368	2740
2370	139
2371	2787
2371	4389
2371	170
2371	1499
2371	580
2372	94
2373	362
2378	1476
2381	3197
2383	2881
2383	4542
2383	4511
2383	4380
2383	3546
2383	4632
2383	1610
2383	1810
2385	1139
2391	2187
2391	569
2391	36
2391	1969
2391	4480
2391	947
2391	447
2391	869
2391	3241
2392	2875
2392	4668
2392	1495
2393	1954
2394	765
2399	223
2401	2448
2405	295
2406	2474
2408	3569
2408	3267
2408	151
2408	8
2408	2305
2408	2219
2408	1835
2408	3628
2408	4242
2408	3197
2411	4122
2412	2866
2412	16
2412	2589
2412	631
2416	3241
2416	3857
2416	4523
2419	1077
2422	375
2427	2920
2427	1502
2427	123
2427	3246
2429	2850
2430	3567
2431	2693
2434	427
2437	4727
2439	350
2440	4422
2441	1076
2446	1974
2448	3889
2449	4021
2449	3787
2449	3871
2449	3329
2449	3507
2449	247
2449	3241
2449	821
2449	4423
2449	402
2452	4669
2453	1954
2453	2364
2453	4246
2453	1967
2453	4444
2453	2153
2453	3300
2453	2051
2453	4670
2454	2656
2455	2577
2456	4444
2458	2665
2460	2248
2462	1897
2462	247
2463	2577
2464	1584
2464	95
2464	2996
2464	1135
2464	720
2464	2079
2464	24
2466	3077
2467	1835
2468	4045
2469	985
2469	2577
2469	3999
2469	4367
2475	1891
2475	2299
2476	1369
2476	3471
2477	2639
2478	3450
2479	1077
2484	2351
2486	3999
2486	2092
2487	3291
2488	4553
2488	3567
2488	3291
2488	1886
2488	4744
2488	2754
2488	358
2488	4664
2488	3093
2488	169
2492	4306
2492	3241
2492	2051
2492	4459
2492	242
2492	985
2492	2770
2494	431
2496	1610
2498	893
2503	3489
2505	3999
2506	1578
2508	1285
2509	857
2510	304
2510	1505
2510	4156
2511	3667
2511	1578
2511	4187
2511	1071
2511	2440
2514	2677
2516	3957
2518	4250
2520	3972
2520	4467
2520	4422
2527	2474
2527	2573
2527	1540
2527	888
2527	2484
2529	161
2532	816
2533	2041
2536	2051
2536	2921
2536	2536
2536	622
2537	1913
2538	949
2540	1466
2540	3534
2540	3653
2540	4670
2540	4755
2540	3075
2540	3864
2540	931
2540	1300
2540	4212
2545	157
2545	4212
2546	4542
2549	1179
2552	1540
2553	4444
2557	2484
2557	2920
2558	2173
2558	362
2560	1621
2563	3972
2569	4422
2570	3135
2575	1218
2576	1067
2577	1896
2578	2039
2580	4548
2581	2092
2581	1578
2584	941
2586	522
2587	3944
2593	4615
2593	522
2593	3411
2593	730
2593	997
2594	4182
2600	2987
2603	4159
2606	997
2612	2577
2617	3274
2617	1553
2617	223
2618	1610
2620	2092
2622	4756
2630	997
2639	3241
2639	1945
2642	4208
2644	1348
2646	274
2648	3521
2648	4511
2648	904
2648	742
2650	1644
2650	3062
2653	27
2655	1139
2655	4423
2655	3152
2655	821
2657	2956
2659	1441
2659	2092
2659	639
2659	371
2659	3999
2661	1686
2662	3735
2663	4564
2666	1561
2666	4245
2666	3140
2666	3866
2667	2577
2667	1196
2673	3401
2673	1077
2673	1945
2673	4460
2676	816
2677	3089
2678	1996
2682	2944
2687	1935
2687	3034
2692	898
2694	1454
2694	4306
2695	1646
2698	4690
2699	1540
2701	1556
2702	3259
2703	4422
2704	4422
2705	874
2705	1506
2705	760
2708	3837
2708	3668
2710	1083
2717	765
2718	535
2722	2117
2723	3567
2724	1578
2724	4422
2728	1122
2730	3196
2735	442
2739	4751
2741	3023
2742	237
2742	4401
2742	4622
2742	1540
2746	1566
2748	3452
2748	4605
2752	1763
2754	4744
2754	4122
2754	1540
2754	522
2754	3520
2754	3489
2754	3077
2754	906
2754	2335
2754	3740
2759	1410
2760	3197
2761	2618
2762	985
2764	2118
2764	1196
2768	838
2768	1139
2770	2101
2771	4122
2772	2268
2773	1122
2775	79
2775	2921
2779	4467
2784	4309
2785	1396
2787	1974
2789	1253
2789	2410
2789	1179
2790	3507
2791	893
2791	4423
2793	682
2793	2334
2793	1506
2794	3534
2795	371
2795	1588
2795	3562
2795	2305
2795	3197
2795	3669
2795	754
2801	4358
2803	1285
2804	1646
2806	1578
2808	1953
2809	631
2811	2105
2813	4401
2817	2740
2817	1803
2819	2002
2822	2092
2822	3197
2822	4417
2824	2542
2833	701
2836	3072
2838	1891
2840	3507
2841	2085
2846	3733
2848	1768
2850	3277
2852	3740
2853	3197
2853	1533
2853	734
2853	706
2853	1646
2856	1610
2857	3452
2858	2577
2859	1071
2860	782
2860	838
2860	3904
2860	3450
2860	2681
2860	1324
2860	3562
2860	1733
2860	3196
2860	2577
2861	1122
2861	1429
2861	3274
2866	2240
2868	3565
2870	4202
2872	4557
2876	3507
2880	4422
2881	3612
2884	350
2886	378
2887	3613
2889	2697
2892	1773
2894	4275
2895	330
2899	3967
2904	1105
2905	997
2906	3967
2909	3667
2909	522
2911	3795
2914	2655
2915	3300
2923	1096
2925	330
2928	3701
2928	1986
2928	3943
2928	122
2930	1540
2936	2278
2938	4401
2939	1283
2940	2730
2941	1616
2942	45
2949	3378
2949	947
2949	1891
2949	3489
2949	2881
2955	1540
2958	2959
2959	4401
2960	2763
2961	2588
2964	4562
2965	27
2968	774
2972	3628
2975	152
2976	247
2977	2166
2980	3329
2982	24
2983	1499
2987	735
2987	4703
2987	3465
2987	2752
2987	3736
2988	3999
2995	2362
2996	1122
2998	3293
3000	3787
3003	3401
3004	1954
3006	1236
3007	4208
3007	2279
3007	4122
3007	2921
3007	330
3007	1122
3007	4631
3008	1968
3008	161
3010	2313
3017	2752
3019	3642
3019	752
3019	4346
3019	3567
3020	4088
3024	258
3025	2980
3026	2240
3028	316
3030	2299
3031	3196
3037	2173
3041	2577
3047	4475
3047	402
3047	2573
3047	2921
3047	1013
3047	2094
3048	1122
3050	3196
3053	2092
3060	790
3062	1135
3065	522
3065	1968
3066	4422
3072	3534
3072	3615
3075	2612
3076	4468
3077	3267
3077	569
3081	2987
3084	4114
3086	714
3086	3963
3086	1348
3088	1835
3090	2499
3090	2117
3092	27
3096	4122
3097	4732
3100	3811
3101	3291
3103	1218
3105	2956
3105	2219
3109	3241
3114	1115
3114	3631
3115	2382
3116	4352
3118	893
3122	3154
3122	1307
3126	522
3127	1881
3129	3972
3129	1345
3132	247
3139	419
3146	2092
3148	4001
3148	2577
3148	1594
3152	3196
3153	1996
3158	2092
3160	1892
3171	3193
3173	4302
3173	78
3174	4543
3179	2213
3179	2866
3179	2697
3179	4422
3179	3488
3179	4603
3179	191
3179	4482
3181	4542
3183	3281
3185	4369
3189	3999
3192	1540
3195	1610
3197	874
3204	1891
3205	1283
3208	1578
3209	1067
3209	323
3211	1056
3212	3034
3216	225
3217	1799
3217	402
3230	1954
3230	4122
3232	1130
3233	2866
3235	1656
3237	1514
3238	2396
3241	1285
3242	1540
3244	3464
3244	2131
3246	417
3248	2740
3252	3464
3255	4485
3255	1308
3255	1947
3257	4545
3258	2382
3260	947
3260	2578
3260	4231
3260	3857
3260	4009
3261	3300
3262	2987
3264	3534
3266	4159
3268	77
3269	421
3271	3241
3272	2023
3273	350
3273	4511
3273	1170
3278	1540
3279	4000
3281	4553
3284	2770
3286	4366
3289	3450
3294	1476
3294	2111
3301	1122
3308	2092
3308	1745
3308	1476
3312	4422
3314	208
3325	4475
3327	1594
3335	2515
3336	1540
3337	3921
3340	137
3340	4600
3341	2711
3343	940
3343	1689
3347	3145
3352	2142
3355	3291
3359	1945
3362	3489
3364	2092
3368	2362
3374	2122
3376	604
3376	1701
3376	1069
3376	1636
3376	1951
3376	760
3377	3399
3379	3562
3382	893
3383	375
3384	3653
3387	3489
3387	1808
3387	4027
3389	1763
3390	2920
3390	3164
3390	3534
3390	3135
3390	2884
3390	2067
3390	676
3390	4511
3390	427
3390	765
3391	3660
3405	4757
3405	622
3405	3241
3406	3241
3412	972
3414	1578
3415	720
3417	2278
3417	3291
3417	2667
3419	2424
3421	3714
3421	3999
3422	3507
3426	3154
3427	2577
3433	4380
3437	725
3439	844
3439	1135
3440	1196
3442	3507
3443	414
3445	4654
3445	3520
3447	1844
3450	1954
3453	4367
3457	2092
3458	4449
3462	475
3468	4401
3469	2681
3469	714
3469	3019
3471	1354
3474	2697
3479	4567
3481	1839
3485	1300
3486	3628
3486	930
3490	2595
3490	2092
3490	208
3490	2740
3490	1652
3490	3385
3490	337
3490	997
3490	4665
3490	378
3494	3972
3496	1324
3498	2777
3500	4086
3503	7
3505	2092
3507	1397
3507	4273
3507	2740
3507	3241
3510	1954
3512	1077
3512	3999
3512	2753
3512	3155
3512	3871
3513	4229
3516	1578
3518	1385
3521	3602
3521	4579
3521	2595
3521	874
3521	1179
3521	666
3523	4274
3524	178
3526	4086
3527	2039
3529	989
3530	372
3533	4422
3534	4548
3537	4367
3544	3197
3547	4072
3556	1540
3558	4050
3558	4000
3558	4751
3558	3498
3558	1287
3558	1285
3559	4339
3564	4298
3564	4229
3568	1077
3569	2148
3569	1505
3572	1598
3575	1540
3576	3291
3577	1499
3577	2311
3577	2393
3580	4422
3584	2710
3586	3534
3587	4306
3589	1555
3589	2445
3589	2987
3589	3291
3589	3384
3589	247
3589	867
3589	4519
3589	2986
3589	535
3590	2092
3591	1139
3592	2922
3596	3241
3597	1203
3598	3241
3600	4422
3602	1041
3606	1524
3607	951
3610	1130
3612	3106
3612	2578
3612	1454
3613	2364
3613	3109
3613	1759
3619	4553
3624	1218
3633	2965
3634	2382
3635	2577
3635	2761
3642	3011
3643	67
3647	3829
3647	2673
3647	4723
3648	1540
3654	4459
3661	429
3662	2851
3664	1012
3665	2267
3666	432
3667	281
3668	1773
3670	1196
3676	1945
3677	1502
3680	4402
3689	1505
3689	163
3691	2777
3691	1650
3693	4422
3694	3718
3696	2548
3699	4401
3702	4001
3703	3615
3704	4648
3707	1324
3710	893
3719	838
3721	842
3721	358
3723	782
3724	3197
3725	1348
3730	1540
3733	4000
3733	2284
3733	2956
3733	1610
3735	2067
3735	3895
3735	4401
3735	160
3742	2542
3743	3237
3743	2777
3744	2956
3745	1013
3745	169
3745	46
3747	3241
3752	765
3752	714
3752	3967
3752	947
3752	362
3752	2148
3753	1179
3759	4314
3765	985
3767	968
3767	2922
3769	3866
3771	2920
3772	2273
3772	1357
3772	4335
3772	2949
3772	3158
3772	3822
3772	1892
3772	1646
3775	1179
3780	1122
3781	326
3782	2362
3785	4548
3787	4036
3793	2382
3797	1521
3798	3164
3803	1540
3805	3399
3806	3972
3807	4303
3807	614
3807	2111
3810	4519
3813	2773
3813	3574
3813	3105
3821	1087
3821	4339
3828	3145
3833	3438
3837	3520
3838	845
3844	4022
3844	2484
3853	2382
3854	1455
3855	3735
3856	2299
3858	522
3859	2020
3864	1179
3866	2740
3873	1575
3874	1212
3874	4530
3874	3289
3874	2763
3874	989
3875	1324
3875	2573
3875	24
3877	838
3878	1077
3879	2039
3882	78
3883	208
3887	2987
3888	50
3891	3197
3893	1139
3893	4
3894	3192
3894	3669
3895	421
3896	4029
3896	1293
3896	4511
3896	2506
3896	2002
3896	1833
3896	3967
3896	3291
3898	3795
3899	3714
3908	3546
3914	2153
3916	4422
3917	1096
3922	2917
3924	765
3929	4394
3930	1596
3932	1428
3935	200
3935	20
3935	3567
3935	32
3935	2478
3935	3710
3935	3249
3935	4706
3935	1390
3938	4744
3939	1754
3940	3795
3942	4169
3944	3841
3947	1891
3947	3489
3947	2173
3947	1954
3953	2184
3957	3718
3958	617
3959	760
3960	1610
3964	628
3965	2131
3965	2239
3965	4496
3967	4237
3967	2148
3969	4744
3970	3567
3971	1879
3972	1945
3975	3462
3976	3709
3976	4422
3977	997
3980	3866
3981	1711
3983	4179
3991	2002
3992	251
3997	402
4000	2577
4004	3972
4007	1646
4012	304
4015	4009
4020	3927
4020	1805
4020	3447
4020	3246
4020	1822
4020	1139
4020	1490
4020	1835
4020	3196
4020	2342
4023	3373
4031	4756
4037	3667
4047	2267
4047	855
4047	557
4047	535
4048	1540
4049	4122
4054	1935
4056	2109
4065	1824
4072	2382
4074	4670
4074	2577
4074	1939
4074	2340
4077	3450
4078	1238
4078	1499
4081	2044
4087	3787
4092	2180
4093	328
4095	4068
4095	3401
4095	4562
4095	2402
4096	2044
4096	4700
4096	2163
4096	2352
4096	2219
4097	4011
4102	1763
4105	1540
4106	2092
4108	2677
4108	931
4110	2219
4114	1790
4115	647
4116	2577
4118	1945
4122	4751
4123	4333
4123	3147
4124	4401
4125	1726
4128	1392
4128	3589
4129	765
4132	4423
4136	3967
4138	4423
4142	1610
4143	623
4147	4511
4148	1355
4149	2219
4150	4122
4152	3498
4152	2922
4153	4589
4155	371
4156	4068
4156	4620
4156	3167
4157	375
4159	2242
4161	4449
4161	3450
4163	3411
4164	3175
4164	3498
4164	4756
4164	406
4164	404
4164	77
4164	3625
4164	4744
4164	3482
4165	1902
4169	4422
4172	666
4172	3138
4172	3245
4172	1324
4172	3866
4178	1588
4178	4122
4178	4670
4178	4423
4183	4168
4184	4122
4188	3197
4190	1763
4195	2748
4197	1466
4198	944
4201	4518
4202	893
4202	4548
4202	3233
4202	24
4203	3511
4211	3866
4213	3628
4213	2484
4213	563
4213	4401
4213	4004
4215	2250
4217	720
4220	632
4221	4467
4229	4068
4230	1285
4238	1218
4238	1601
4238	337
4238	4444
4238	421
4238	2763
4238	1954
4238	247
4239	330
4245	399
4246	330
4247	1118
4247	359
4247	3660
4248	3077
4248	3869
4248	1540
4248	3109
4248	1608
4248	3546
4249	4548
4250	4756
4251	997
4251	3197
4253	3197
4254	2187
4256	4345
4256	2577
4256	2881
4256	2681
4257	4122
4257	1077
4257	2292
4258	375
4262	4449
4262	4159
4265	1139
4285	1179
4289	3562
4289	2542
4289	542
4289	3102
4289	1300
4289	1072
4289	226
4289	1616
4289	3068
4289	1849
4290	3267
4292	4523
4295	3725
4298	944
4298	375
4298	4670
4299	730
4300	3714
4301	1348
4305	4751
4307	4548
4308	1013
4309	4122
4313	1610
4314	893
4314	1077
4314	3963
4314	359
4314	2219
4318	1958
4320	23
4320	539
4322	4467
4325	2748
4330	2577
4330	3241
4330	2305
4330	3478
4335	2881
4335	1122
4335	359
4335	4511
4335	3488
4335	1348
4335	239
4335	4542
4335	4420
4335	375
4337	1540
4338	3290
4339	362
4340	359
4343	3291
4346	2364
4350	337
4350	2954
4354	4373
4355	3066
4358	282
4361	864
4363	3241
4364	3810
4364	2577
4365	2656
4367	997
4370	4113
4371	1188
4374	3534
4377	1506
4382	3291
4384	2484
4387	4072
4390	1931
4397	1902
4397	3399
4397	2488
4397	4545
4403	1139
4404	4122
4406	2333
4411	375
4411	1139
4415	3656
4419	192
4420	3742
4421	4401
4423	378
4426	3096
4427	3399
4433	2697
4435	893
4438	2956
4440	3534
4445	1797
4446	3874
4446	2028
4451	3671
4452	2920
4461	1954
4463	3866
4464	2577
4465	3291
4466	3197
4471	1122
4472	3399
4473	3009
4481	3534
4482	4434
4483	3972
4484	2920
4484	1122
4484	1105
4484	239
4484	4562
4484	1744
4486	2573
4487	2577
4490	1763
4491	1169
4492	1610
4493	4001
4493	3521
4493	3367
4494	2577
4494	3160
4494	311
4498	777
4508	2142
4511	1309
4511	3197
4512	163
4512	1139
4520	2451
4523	3458
4528	1600
4529	740
4529	1313
4529	1952
4529	1500
4529	1702
4529	77
4529	123
4529	4744
4529	3700
4529	920
4530	2299
4535	4339
4537	3743
4539	1436
4539	3544
4539	2320
4539	2956
4539	4584
4547	2875
4548	4744
4549	2740
4550	4422
4552	24
4553	4560
4555	27
4561	2578
4561	4250
4563	2118
4566	1203
4567	4401
4569	4213
4571	139
4572	985
4577	1954
4583	4589
4584	893
4586	581
4590	18
4592	2758
4592	1993
4592	4652
4594	3364
4599	3811
4599	3507
4599	1540
4599	304
4599	863
4599	300
4600	322
4600	2382
4600	4665
4601	3972
4602	1610
4607	4001
4608	3077
4612	874
4612	3712
4612	898
4612	4346
4612	282
4618	4690
4619	1540
4632	3267
4634	375
4636	1348
4636	4001
4636	4467
4636	4570
4636	229
4641	3450
4642	2578
4643	213
4643	3911
4643	3718
4643	597
4644	1196
4645	4553
4645	419
4648	1542
4649	3534
4649	1095
4649	4066
4649	3195
4649	1171
4649	3791
4649	1824
4649	2219
4649	2730
4652	1196
4653	2479
4653	2577
4653	3488
4658	2041
4659	2020
4662	1833
4666	1169
4666	2319
4669	1759
4670	3871
4671	429
4672	4422
4672	628
4673	3649
4681	3434
4682	4346
4684	3233
4689	790
4691	4380
4696	1917
4696	4113
4700	1832
4700	27
4700	2105
4700	3254
4700	1721
4700	2540
4700	1773
4700	844
4700	3376
4703	2153
4709	2909
4709	535
4709	4690
4709	73
4709	2822
4709	2136
4709	2223
4710	821
4711	3154
4712	1578
4717	1107
4719	720
4721	2577
4721	74
4721	1077
4724	837
4725	539
4726	27
4726	782
4728	3023
4730	2898
4731	714
4732	3615
4732	1945
4732	2173
4733	3250
4743	169
4747	4271
4750	4632
4750	1077
4750	4380
4754	4380
4757	3967
4758	1105
4760	65
4762	3967
4762	4380
4762	2578
4762	36
4762	4511
4762	4542
4763	4670
4765	782
4767	3673
4767	1521
4767	378
4767	2497
4767	3329
4767	8
4767	1139
4767	3281
4767	3160
4767	3399
4772	2092
4773	2925
4776	3197
4777	3944
4777	4159
4777	535
4777	3638
4777	493
4777	3144
4777	2092
4777	1273
4777	2578
4779	1594
4781	3522
4786	3241
4794	493
4795	3507
4797	4558
4807	4306
4809	3507
4810	1077
4810	1426
4810	665
4810	240
4810	1953
4810	3601
4815	4659
4819	2612
4822	3972
4825	3241
4828	1566
4828	1825
4828	2173
4830	1540
4834	4562
4836	1902
4842	77
4843	4153
4844	2148
4844	1505
4851	2740
4851	4548
4854	816
4856	1122
4858	4000
4859	3682
4860	67
4863	4235
4865	3507
4868	4562
4868	1067
4868	318
4868	1039
4869	3972
4869	1610
4869	1711
4870	3422
4871	3453
4874	4346
4874	3464
4875	4674
4875	3740
4875	4080
4876	1575
4877	2796
4878	2143
4878	1029
4879	3656
4883	2044
4888	2055
4889	4001
4892	4478
4892	2333
4892	670
4895	535
4896	4631
4896	774
4896	4192
4899	2981
4902	1592
4902	4324
4902	2993
4909	1115
4911	4562
4911	893
4911	3967
4914	1960
4914	1968
4915	3196
4921	378
4924	1135
4926	2577
4926	4122
4926	3300
4929	4380
4930	4159
4937	4133
4939	2037
4941	707
4941	1968
4941	4667
4941	3607
4941	780
4941	595
4947	1930
4948	1436
4950	2273
4950	4589
4950	1063
4950	3955
4950	2956
4951	2695
4951	2892
4951	2920
4951	3328
4951	2559
4951	1373
4951	406
4956	4345
4962	2577
4965	24
4966	3972
4969	3237
4971	3196
4973	1073
4978	3450
4982	2577
4987	1856
4989	3399
4990	857
4992	1588
4993	3511
4995	893
4998	2920
5000	1855
5001	2305
5002	2577
5008	4751
5008	4154
5008	466
5008	1773
5009	2577
5010	1960
5014	945
5015	3463
5026	3241
5030	456
5030	3740
5031	1763
5039	782
5042	4313
5043	517
5044	985
5044	2358
5044	24
5046	3714
5049	2382
5050	4467
5051	4422
5053	1621
5055	3713
5061	4542
5062	1909
5066	2681
5067	4475
5067	78
5072	3126
5075	1540
5081	4422
5082	3886
5082	3871
5082	4300
5082	1196
5082	4369
5082	1414
5085	1566
5085	1540
5085	3241
5087	2382
5090	4422
5092	2749
5096	1122
5099	3450
5105	1130
5107	4579
5109	3329
5111	2816
5113	3837
5114	3567
5118	3713
5118	2107
5118	4659
5118	4171
5118	2687
5126	1954
5127	4665
5127	295
5128	4698
5128	4346
5128	3348
5128	2612
5128	1955
5128	2730
5128	1773
5128	2250
5129	985
5133	356
5134	1394
5137	3562
5138	3524
5138	3787
5138	2921
5138	247
5138	3667
5139	2577
5140	493
5141	2530
5146	1589
5147	1179
5152	118
5154	3448
5155	3233
5157	2092
5159	1616
5159	358
5160	18
5161	4401
5163	3478
5164	4009
5164	1179
5164	4148
5164	2219
5164	46
5164	3489
5164	4023
5164	2342
5164	3116
5164	2960
5169	4553
5169	3305
5169	3749
5170	27
5171	1774
5176	4504
5177	4054
5178	67
5179	2748
5181	3534
5185	417
5185	3613
5185	371
5190	2402
5190	3660
5190	2187
5190	1974
5191	2275
5191	2092
5191	4401
5205	3866
5209	2748
5210	1392
5211	745
5211	809
5211	2629
5211	3118
5211	3123
5211	3116
5211	968
5211	4110
5211	4309
5211	129
5212	3154
5214	2382
5214	4028
5214	1183
5214	4001
5214	2393
5214	1169
5214	3834
5214	383
5214	2894
5214	2583
5216	4491
5218	2921
5220	4122
5220	997
5220	3999
5220	2577
5220	2922
5220	3452
5220	2911
5220	3787
5220	4302
5220	3972
5221	4389
5221	2131
5221	2187
5221	3301
5221	3787
5221	3401
5221	4380
5221	3818
5221	4423
5221	541
5222	913
5223	3191
5224	3450
5225	1082
5230	3291
5235	683
5239	1601
5246	637
5248	378
5250	997
5251	2365
5253	378
5256	161
5258	4475
5259	2092
5264	3197
5265	1078
5267	2577
5268	3300
5268	4059
5270	893
5271	4548
5278	3077
5278	4744
5281	4548
5287	292
5290	4212
5290	456
5291	3569
5292	1892
5294	653
5294	4161
5294	4371
5294	1077
5294	1096
5294	1722
5294	1466
5294	100
5297	3897
5297	4465
5300	3241
5305	3164
5305	737
5305	1203
5305	2203
5305	3272
5305	3450
5305	282
5305	1610
5306	3507
5307	3569
5308	2748
5313	3507
5319	2921
5320	3714
5321	2148
5322	4422
5324	4054
5328	2105
5336	4072
5338	3569
5339	4043
5343	4744
5347	2612
5353	3024
5354	2358
5357	4375
5357	2754
5357	1879
5359	421
5363	765
5363	3329
5368	1872
5370	4768
5371	4054
5375	826
5379	4744
5382	1122
5383	57
5387	2668
5390	1122
5390	1540
5390	1844
5390	2829
5390	4467
5391	3058
5391	997
5392	2555
5401	2142
5405	1472
5406	3154
5411	3267
5412	1540
5413	2481
5421	3489
5424	760
5425	290
5429	4557
5429	2008
5429	895
5430	3197
5432	2023
5438	3197
5442	1139
5444	4545
5444	3921
5446	1203
5447	4615
5452	4309
5454	3373
5455	997
5456	2092
5461	3373
5462	3628
5464	1902
5465	637
5465	3450
5465	4620
5465	500
5465	117
5465	716
5465	3192
5467	4744
5471	3338
5474	3559
5475	3299
5477	4401
5479	1096
5485	653
5488	1835
5489	149
5489	765
5491	2137
5495	1394
5496	2981
5500	4212
5500	2969
5500	4072
5500	27
5501	1285
5507	77
5508	4422
5510	67
5516	3723
5521	4422
5523	2656
5524	2364
5525	4000
5525	3749
5525	997
5525	208
5525	4171
5526	3450
5527	2023
5528	248
5529	2017
5529	1578
5529	1902
5529	508
5531	2092
5532	2723
5536	2039
5536	1077
5536	3667
5536	1105
5536	3241
5537	2149
5537	1763
5538	2695
5545	1799
5545	782
5545	1972
5545	2333
5545	3450
5545	1110
5545	29
5545	909
5545	102
5548	755
5549	997
5550	1639
5550	3960
5550	1179
5550	2159
5550	3841
5550	68
5550	505
5555	1122
5563	3450
5565	4266
5569	1616
5569	3262
5570	27
5576	311
5578	893
5580	2495
5591	3385
5592	3718
5593	1717
5597	1366
5602	1915
5604	1288
5611	782
5611	4430
5611	878
5611	40
5614	3274
5614	3569
5614	1954
5615	24
5616	1309
5616	3562
5616	1007
5616	4345
5619	4422
5620	1540
5623	65
5628	4513
5635	3693
5635	3896
5637	3165
5637	4158
5637	4308
5637	3664
5637	4467
5637	4674
5642	4067
5646	816
5649	3291
5649	3534
5653	3653
5653	3094
5654	1835
5657	3305
5658	247
5662	3459
5662	350
5663	3646
5665	436
5667	4473
5669	3399
5669	2877
5670	4422
5672	894
5673	4035
5673	4665
5673	4141
5673	3338
5673	1207
5673	1855
5673	1711
5673	1072
5673	2528
5673	2873
5678	2069
5681	3901
5682	4000
5692	1601
5696	4467
5697	3376
5700	1365
5700	2543
5700	127
5704	1578
5705	2484
5707	889
5707	4000
5709	3863
5715	24
5717	3329
5717	4213
5717	1780
5717	2730
5717	15
5717	421
5718	1203
5723	1275
5724	893
5725	4423
5725	760
5725	3866
5725	4252
5725	989
5725	3464
5725	4519
5725	1588
5725	1170
5727	4467
5737	4021
5744	3192
5744	3912
5744	3620
5748	1763
5748	358
5750	1945
5750	3534
5750	765
5750	3520
5753	78
5757	1624
5761	941
5763	4751
5764	226
5764	1540
5766	375
5770	1540
5773	77
5780	4212
5781	4401
5782	275
5782	1692
5782	3399
5782	1029
5782	1578
5782	2209
5782	4213
5783	3499
5783	417
5784	2358
5784	78
5790	1224
5792	2309
5792	3820
5792	209
5792	241
5792	4599
5792	3687
5792	3267
5792	4588
5792	4308
5792	3352
5795	4009
5795	3241
5795	3866
5795	2079
5795	3274
5796	4422
5798	1610
5800	1179
5801	1309
5813	2577
5816	3952
5817	3197
5821	4024
5826	3546
5827	4086
5827	267
5829	2987
5829	2612
5829	24
5833	378
5836	3241
5837	2577
5838	4683
5840	1442
5844	2577
5845	3963
5847	3866
5848	2954
5854	3197
5860	188
5860	1346
5860	1499
5860	590
5860	3267
5863	4273
5866	2875
5869	2250
5870	1610
5870	3795
5872	1348
5873	24
5875	3186
5878	1835
5879	1752
5879	95
5886	1169
5887	2382
5888	667
5889	4542
5889	1105
5889	4584
5889	4744
5895	4205
5896	838
5897	2996
5899	3543
5899	3291
5901	67
5902	1365
5903	358
5905	24
5906	3267
5907	2092
5913	1139
5914	350
5914	2079
5920	1513
5921	24
5923	893
5924	1203
5934	754
5935	1835
5942	3367
5942	535
5942	1117
5942	229
5943	2908
5944	4401
5946	1610
5947	118
5951	2042
5951	4744
5954	4670
5960	3197
5964	1163
5965	1610
5969	1686
5973	3705
5973	3776
5973	757
5973	3604
5974	1505
5975	3972
5981	4467
5983	1958
5987	1610
5987	3660
5987	1025
5987	1725
5987	3241
5988	893
5990	745
5992	2577
5996	3871
5996	475
5997	3770
5997	3154
5997	71
5998	3507
6001	1540
6003	2777
6004	3197
6008	2558
6011	2574
6012	4306
6015	1122
6016	3459
6016	2358
6016	4125
6016	24
6016	2173
6016	3930
6016	3698
6016	3234
6016	2811
6019	4511
6021	3889
6026	350
6027	2875
6030	3534
6031	290
6031	2092
6031	893
6031	1096
6031	3867
6033	1122
6036	4422
6036	790
6039	3543
6039	3399
6039	1773
6039	837
6039	2967
6039	2996
6039	3336
6039	524
6039	1686
6043	3901
6044	2546
6050	2881
6051	3452
6055	3656
6055	350
6055	3106
6055	4562
6055	637
6055	1262
6055	2604
6055	626
6055	361
6057	2834
6057	815
6061	1139
6065	1524
6066	3866
6067	948
6067	3507
6071	2179
6074	3154
6075	2308
6075	2949
6075	4422
6075	725
6079	421
6081	821
6082	3534
6083	1902
6084	2770
6087	4422
6089	359
6090	3464
6093	3567
6095	223
6100	3631
6100	2473
6100	1457
6100	2069
6100	833
6100	760
6103	609
6103	3863
6104	3534
6109	4122
6110	1540
6111	3241
6113	1752
6113	2921
6113	2577
6113	1236
6113	4271
6117	350
6120	3546
6121	2407
6121	4072
6121	2136
6121	1285
6123	24
6125	4079
6126	3267
6133	4380
6133	3241
6133	3534
6133	1075
6133	4562
6133	4546
6133	2952
6133	3963
6133	2039
6135	2044
6138	1608
6141	1540
6151	304
6152	4001
6154	4744
6159	1780
6160	766
6161	1169
6165	2987
6167	3967
6168	4542
6170	535
6175	3241
6178	4422
6179	3972
6180	4000
6185	572
6187	3450
6188	3197
6190	493
6191	1540
6200	4738
6201	2464
6205	4562
6208	1990
6208	4020
6208	838
6210	1122
6214	1542
6214	1326
6214	123
6214	1865
6214	588
6214	1173
6214	279
6214	3385
6215	2730
6218	4519
6218	456
6218	4021
6219	3241
6222	4380
6222	3544
6224	653
6225	3921
6227	2007
6230	2956
6233	2577
6235	2251
6235	448
6240	4665
6241	1769
6243	898
6243	535
6246	4422
6247	1879
6247	3972
6249	1038
6251	4182
6254	1892
6254	2092
6254	4238
6254	2996
6254	4333
6254	4024
6254	700
6254	459
6254	2180
6255	1873
6259	3684
6259	1759
6259	4092
6259	2570
6259	1902
6263	4055
6264	2518
6268	1744
6273	2151
6273	4259
6273	2966
6278	1139
6278	893
6278	671
6281	137
6282	3300
6283	2875
6284	3713
6289	1879
6298	4523
6298	2952
6299	1865
6300	1750
6300	1790
6300	1754
6300	2148
6302	1169
6305	375
6307	1945
6310	1355
6312	1837
6315	2040
6315	1071
6319	3787
6322	1060
6322	3975
6323	893
6324	4122
6326	4504
6327	3866
6327	671
6334	4422
6335	765
6340	1914
6341	3864
6341	3154
6346	3742
6347	3197
6350	2577
6351	417
6359	3450
6362	2921
6370	126
6370	1309
6372	3967
6373	1644
6375	1540
6376	3426
6376	433
6376	633
6376	870
6376	2044
6376	3546
6376	1352
6378	1970
6380	2092
6382	3566
6384	2092
6388	3567
6388	4423
6388	2351
6390	3126
6397	2612
6401	1578
6402	4205
6404	3972
6409	2111
6416	1383
6416	931
6416	1555
6416	2484
6416	4756
6418	3791
6421	3534
6421	4467
6421	3837
6421	3999
6421	2484
6422	2748
6422	2163
6422	997
6422	4467
6427	3401
6427	2136
6430	1198
6430	456
6434	242
6436	3866
6437	3085
6443	3567
6448	3164
6448	3153
6448	775
6448	3628
6448	1902
6449	4064
6451	4467
6453	1071
6453	3011
6458	2577
6458	3795
6458	2850
6460	3614
6460	1734
6460	4081
6460	2854
6460	3534
6460	4511
6462	4548
6462	350
6462	2681
6462	1540
6463	1375
6464	1122
6464	4159
6464	4548
6469	2044
6469	4311
6471	2911
6472	1300
6472	3565
6473	2573
6474	2362
6475	3452
6478	1666
6478	4024
6480	2881
6483	3561
6484	4466
6487	3136
6489	2577
6494	3857
6496	2219
6496	3011
6498	67
6501	2275
6501	4114
6502	2039
6503	1668
6505	2862
6510	77
6515	3841
6521	137
6525	330
6527	375
6532	3859
6534	4029
6534	1540
6534	3514
6534	4032
6534	4364
6535	3282
6536	1540
6537	2358
6539	2305
6543	208
6543	1960
6543	1899
6549	4021
6551	3241
6555	214
6556	3837
6558	4054
6563	2893
6563	4467
6566	1502
6567	3532
6568	2131
6575	3391
6575	2496
6575	4345
6576	1139
6576	204
6578	3385
6581	8
6581	2748
6586	2920
6589	2382
6589	3154
6589	997
6589	378
6590	4266
6590	1455
6591	1790
6593	2577
6597	3241
6601	4702
6604	4273
6605	3866
6605	387
6608	2697
6610	2730
6613	2578
6620	1373
6620	3866
6620	2731
6625	4422
6627	2265
6631	1646
6633	757
6633	4467
6641	2987
6642	2777
6642	1958
6642	3866
6643	24
6654	1543
6654	3714
6656	2358
6656	1286
6656	596
6656	389
6656	4101
6656	4401
6656	3534
6656	1566
6656	2399
6656	117
6657	2748
6665	2565
6666	2577
6671	745
6672	1513
6675	4744
6678	4339
6679	3866
6680	4345
6686	208
6690	1763
6694	508
6698	4401
6706	2118
6707	1540
6707	3675
6712	208
6714	1236
6714	2440
6714	4021
6715	3401
6715	2349
6719	2293
6720	3714
6722	2041
6723	1835
6728	3850
6732	2577
6733	1476
6742	1902
6743	2956
6744	1646
6749	336
6750	4475
6754	2274
6755	2118
6756	1594
6757	1139
6758	4605
6760	147
6762	1122
6762	72
6764	31
6765	2598
6768	3291
6768	2089
6768	4306
6770	4122
6773	950
6774	2578
6776	4122
6779	4542
6780	898
6781	2730
6784	1309
6788	4345
6794	1849
6794	1110
6794	1236
6794	1393
6794	4751
6794	1610
6794	2637
6794	4191
6794	3238
6794	4122
6796	1544
6798	3871
6798	2474
6798	1566
6798	4216
6803	4467
6804	1687
6804	375
6804	4744
6804	1702
6804	2163
6804	1119
6804	3768
6806	1835
6809	1699
6814	378
6814	2269
6815	3267
6815	997
6819	3399
6823	2265
6824	3399
6825	562
6825	4382
6825	48
6825	3426
6826	2577
6831	3489
6832	2948
6832	2219
6832	350
6832	3513
6836	893
6839	8
6845	2921
6845	3870
6845	4697
6845	2411
6845	1130
6845	4607
6846	522
6848	109
6848	755
6848	1152
6848	1300
6850	1610
6854	456
6861	2785
6862	1085
6862	861
6862	223
6863	4548
6864	2484
6864	2598
6864	2223
6864	3329
6865	4072
6869	4744
6871	3522
6880	4401
6881	1122
6881	1763
6881	4072
6883	4112
6883	3866
6889	2944
6889	398
6889	4401
6892	2294
6893	3567
6897	2578
6898	97
6898	2153
6898	3562
6898	3745
6898	3593
6898	3618
6906	2543
6908	1246
6909	1519
6909	3300
6909	4080
6909	1540
6909	2358
6909	3613
6909	1637
6909	24
6909	4584
6909	3864
6910	2105
6914	2311
6915	4548
6916	2351
6918	3197
6920	2109
6920	1915
6920	1063
6920	1702
6922	875
6922	421
6922	4088
6922	282
6922	27
6922	834
6929	2748
6930	1499
6933	3546
6934	2362
6936	1891
6940	3673
6941	4122
6942	4060
6944	1610
6946	3160
6951	187
6954	4044
6955	1960
6959	3154
6965	1702
6967	1939
6972	4348
6972	1169
6972	4553
6972	3507
6972	4086
6972	4213
6974	893
6979	1699
6980	4422
6982	2153
6982	3237
6984	3450
6989	4498
6989	786
6989	2946
6989	1883
6992	1868
6994	2577
6997	3241
6998	765
7000	247
7002	2023
7007	2163
7008	4751
7010	2299
7013	4467
7013	2921
7014	2039
7015	3081
7017	1891
7017	4260
7018	3162
7023	2930
7025	1968
7025	1769
7033	1952
7033	474
7034	1236
7036	4333
7037	3534
7038	4411
7041	4422
7041	3291
7041	24
7041	1954
7041	3866
7041	3857
7043	3291
7043	1297
7043	4072
7045	1122
7050	2351
7053	2219
7055	3493
7056	2577
7057	893
7060	2234
7062	3546
7064	3049
7065	189
7066	247
7066	3145
7068	4420
7068	2639
7068	421
7068	295
7068	1196
7068	2382
7068	2105
7068	1326
7068	2834
7068	4122
7078	378
7082	3507
7084	1540
7084	1624
7085	4062
7088	421
7088	3534
7088	3638
7088	4423
7088	1540
7088	1964
7088	3241
7088	1236
7088	688
7092	4206
7092	3740
7092	2275
7092	1135
7092	4423
7092	2651
7098	2092
7099	1476
7099	732
7099	436
7099	3931
7099	4072
7099	4644
7099	3197
7099	3122
7099	4039
7101	3267
7103	2683
7104	3154
7108	1505
7118	2148
7118	1566
7118	1773
7120	3164
7126	3569
7126	544
7127	3534
7132	2577
7134	3698
7134	1902
7134	2223
7134	1476
7134	2983
7135	2279
7136	27
7141	1759
7142	2710
7142	1892
7142	330
7146	3468
7147	3156
7148	4422
7149	627
7149	3451
7149	1375
7151	290
7152	429
7153	375
7161	1183
7166	1375
7167	3567
7167	371
7170	3569
7170	1118
7170	4449
7170	3628
7170	1348
7170	2956
7170	3562
7170	4345
7170	4548
7170	3967
7172	3631
7172	948
7172	3433
7172	3921
7172	760
7172	1819
7176	350
7178	4660
7180	893
7182	4122
7184	1902
7185	3831
7186	3291
7189	208
7189	3569
7189	1979
7189	1902
7190	2142
7192	1540
7194	4444
7195	720
7195	608
7195	1236
7199	3871
7202	2251
7202	535
7202	3011
7203	2493
7203	56
7205	3241
7208	282
7209	3045
7212	4511
7212	2881
7215	1540
7216	4534
7220	414
7222	703
7224	4054
7227	2983
7229	997
7240	1902
7240	2963
7240	3831
7240	3507
7240	3170
7240	2656
7240	1186
7241	2990
7243	4212
7243	2251
7243	893
7243	2987
7243	3378
7243	3562
7243	930
7243	1236
7243	4562
7243	1891
7245	4401
7247	1902
7248	3281
7248	2436
7248	1354
7248	4744
7248	997
7248	3670
7249	2118
7256	4562
7256	2151
7256	3221
7256	3092
7256	4072
7256	3150
7256	3210
7256	1212
7256	40
7258	2002
7260	4067
7260	3241
7260	1157
7260	1455
7261	1285
7263	4220
7265	4159
7266	1790
7271	3489
7275	69
7277	4133
7277	997
7277	1968
7277	1610
7277	4422
7281	3197
7285	1624
7285	4519
7285	247
7285	1466
7285	3866
7285	4029
7285	2883
7285	628
7285	4401
7286	1179
7286	4429
7286	4083
7290	2788
7291	9
7293	3837
7293	1516
7297	2039
7298	4512
7299	4159
7301	2187
7301	2881
7301	1077
7301	2921
7301	3660
7304	1540
7308	3562
7309	2945
7309	906
7312	2517
7313	1879
7314	3562
7316	27
7317	1457
7318	2705
7319	192
7319	893
7319	2920
7319	3740
7319	3669
7319	1950
7319	1492
7319	4670
7324	906
7326	3866
7333	4021
7335	4040
7336	2239
7336	989
7336	1642
7336	1954
7336	522
7340	2496
7345	2393
7346	4021
7350	3197
7351	1759
7353	2740
7354	161
7355	4422
7357	3133
7357	2215
7357	3476
7357	4678
7357	821
7357	335
7357	3320
7357	535
7357	4512
7360	4659
7360	3787
7360	1251
7360	1179
7361	4422
7363	4376
7367	782
7368	4339
7369	3569
7380	1686
7381	2333
7381	1196
7383	3534
7384	1540
7385	3837
7386	775
7388	79
7390	3787
7398	375
7400	2148
7400	4632
7401	2956
7403	1902
7403	4401
7403	1285
7404	4081
7406	1066
7406	4345
7411	1566
7411	29
7412	3489
7412	330
7413	1041
7413	2411
7415	2777
7415	4440
7415	4545
7415	1958
7415	2132
7415	2311
7423	546
7426	3534
7431	4238
7435	1902
7435	1096
7436	4670
7438	3901
7442	4460
7442	3638
7442	2811
7442	3714
7442	2966
7442	4335
7442	1954
7442	417
7443	1181
7445	3859
7448	1881
7449	1769
7449	745
7449	3547
7451	2705
7452	997
7453	134
7454	535
7454	4029
7454	760
7454	2920
7454	4162
7454	1789
7456	2577
7463	1954
7465	3441
7468	1773
7471	1095
7471	1610
7471	67
7471	3952
7472	2987
7472	1476
7473	4188
7474	4380
7474	2618
7474	1594
7477	4491
7477	1999
7477	3824
7478	4694
7479	3327
7483	995
7490	4206
7491	4665
7491	370
7491	4452
7493	4122
7494	3274
7494	2952
7494	3967
7494	3378
7494	2300
7495	375
7499	3241
7503	1594
7506	4422
7508	4412
7512	3241
7514	1902
7518	1135
7520	1067
7520	3963
7520	362
7520	1891
7520	2131
7520	3534
7520	417
7520	1600
7521	626
7526	790
7530	768
7530	3452
7530	1511
7531	1653
7532	4548
7539	4418
7539	152
7544	2612
7546	2382
7547	3205
7547	4436
7547	24
7547	540
7547	3135
7547	1953
7547	1067
7547	3489
7549	2538
7552	3401
7552	3197
7554	4401
7561	3241
7562	314
7564	3126
7564	1476
7566	1477
7572	1373
7573	3664
7574	3196
7576	2577
7578	3385
7580	4122
7582	720
7582	2816
7584	1077
7586	3241
7590	2846
7590	1646
7593	451
7595	4548
7595	2083
7597	1763
7599	4286
7599	3188
7599	2185
7599	3660
7599	3628
7599	1507
7604	816
7607	4422
7611	4000
7619	838
7621	879
7623	3655
7623	2983
7623	2460
7623	919
7623	1851
7631	3824
7633	535
7636	1236
7638	670
7639	4072
7640	3140
7642	27
7642	2484
7642	2148
7642	3378
7644	802
7644	3866
7644	3569
7644	375
7644	3329
7644	1464
7649	62
7650	1436
7650	3866
7651	1574
7651	1912
7651	3377
7652	1540
7652	2240
7652	80
7652	3567
7652	3484
7652	2384
7653	2351
7654	1954
7655	4449
7656	375
7670	1380
7671	4159
7672	3866
7674	2270
7680	844
7685	4756
7687	1699
7691	3811
7691	3274
7695	1790
7699	3714
7701	2577
7704	3244
7706	523
7707	1594
7707	3452
7707	1825
7707	2921
7707	4548
7707	3972
7707	3963
7708	4222
7709	4367
7710	941
7712	4422
7716	2595
7718	3282
7719	3630
7719	1014
7722	2823
7724	421
7732	1540
7734	4422
7735	304
7735	3569
7735	1763
7735	592
7737	4122
7738	3450
7740	3197
7741	1005
7741	4542
7741	3192
7741	857
7741	100
7741	151
7741	4676
7742	3241
7746	997
7753	3666
7754	1835
7756	1507
7756	1077
7756	2211
7756	4467
7756	4690
7756	947
7758	989
7766	985
7768	3241
7769	1699
7774	790
7778	3175
7780	893
7781	375
7782	3197
7785	1505
7785	2092
7786	4690
7786	282
7790	985
7793	1072
7795	1076
7796	2577
7798	3399
7807	48
7808	4122
7810	1492
7815	3135
7818	1540
7819	1511
7820	3787
7822	1502
7822	3534
7822	540
7822	1071
7825	2173
7825	765
7830	1071
7832	838
7834	2573
7834	522
7843	3329
7843	1007
7844	2655
7845	3562
7845	3328
7845	3615
7845	2148
7845	2976
7851	4045
7851	282
7851	2928
7854	3241
7855	3154
7856	3154
7857	4548
7858	402
7858	1540
7858	24
7858	247
7858	765
7858	2092
7859	1827
7865	3241
7866	535
7867	4401
7868	3698
7870	3812
7871	3963
7871	2816
7871	2307
7871	97
7871	3648
7871	350
7871	36
7871	3241
7871	3817
7871	2487
7872	2080
7874	3736
7875	4422
7878	1116
7879	372
7879	2299
7879	2207
7881	2987
7882	1683
7883	1119
7884	4744
7884	2023
7884	4237
7884	1041
7884	637
7884	1139
7884	4427
7884	2822
7884	4475
7884	4022
7892	1491
7893	3197
7896	1957
7896	4674
7897	2740
7900	3378
7900	801
7900	3272
7902	4423
7904	1954
7904	4491
7904	2251
7904	2730
7904	3544
7904	868
7904	4339
7904	4467
7905	2993
7907	4401
7908	3955
7914	3241
7918	4321
7923	3507
7925	3378
7926	2393
7928	1619
7928	1095
7934	1917
7935	1505
7935	214
7935	1516
7937	4769
7937	3498
7937	4345
7937	3281
7937	2039
7937	3927
7938	1419
7938	1827
7938	1763
7938	3291
7939	2153
7940	1122
7941	4673
7943	4596
7944	997
7952	595
7953	631
7963	1976
7966	2493
7971	3353
7973	3562
7973	3378
7973	3534
7973	377
7973	3507
7973	816
7973	4122
7973	1324
7973	3967
7973	989
7975	1610
7975	2051
7975	3713
7978	1540
7979	1594
7979	997
7979	2484
7982	4548
7984	2386
7985	3411
7988	3740
7989	1072
7989	3103
7989	3385
7991	1113
7992	456
7992	223
7996	2577
8000	1506
8002	3135
8004	4423
8006	3698
8009	3693
8011	893
8018	2484
8021	522
8021	1958
8021	1578
8022	3540
8024	4701
8024	1857
8024	4434
8024	2219
8026	3795
8027	3810
8027	2321
8032	4583
8032	590
8035	3450
8035	2105
8035	3135
8035	532
8036	947
8036	187
8036	2059
8036	4401
